[/Game/Player/BasePlayer/BP_Gravitor.BP_Gravitor_C]
Accel=22000.000000
GroundFriction=10.000000
MaxSpeed=3000.000000
MaxSpeedGravityActive=2000.000000
MaxSpeedGravityInactive=3000.000000
DecelToMaxSpeedFriction=15.000000
GravityPower=20000.000000
SingleGravityFactor=1.000000
OwnAffectionFactor=0.350000
MinGravityRadius=1100.000000
MaxGravityRadius=2000.000000
GravityIncreaseSpeed=1.800000
SpinAccelPower=9000.000000
BoostReloadTime=1.500000
BoostPower=11000.000000
StunTime=0.100000
MinStunTime=0.100000
MaxStunTime=0.100000

